1 0.0
2 0.16455696202531644
3 0.09177215189873418
4 0.10126582278481013
5 0.03955696202531646
6 0.03481012658227848
7 0.023734177215189875
8 0.030063291139240507
9 0.014240506329113924
10 0.006329113924050633
11 0.01740506329113924
12 0.014240506329113924
13 0.011075949367088608
14 0.0031645569620253164
15 0.004746835443037975
16 0.007911392405063292
17 0.006329113924050633
18 0.004746835443037975
20 0.0015822784810126582
21 0.0031645569620253164
22 0.0015822784810126582
23 0.006329113924050633
24 0.004746835443037975
25 0.0015822784810126582
26 0.0031645569620253164
27 0.004746835443037975
28 0.007911392405063292
31 0.0015822784810126582
33 0.0015822784810126582
37 0.0031645569620253164
39 0.0015822784810126582
43 0.0015822784810126582
45 0.0031645569620253164
49 0.0031645569620253164
51 0.0015822784810126582
53 0.0015822784810126582
54 0.0015822784810126582
57 0.0015822784810126582
62 0.0015822784810126582
80 0.0015822784810126582
117 0.0015822784810126582
130 0.0015822784810126582
139 0.0015822784810126582