1 0.0
2 0.0002977400960587801
3 0.0002744359022432073
4 0.001133697617522231
5 0.001097906694648273
6 0.0018556339569967242
7 0.0021005998287463882
8 0.0017799743869252925
9 0.001681824932876026
10 0.002894485279233556
11 0.004457369586087067
12 0.0034527887835098313
13 0.004337829231920969
14 0.007718828355976457
15 0.004684258655262917
16 0.004689565405438429
17 0.007594443449668639
18 0.007069386687252489
19 0.008720759278243048
20 0.008604734401367647
21 0.008892336823984312
23 0.009339887233772506
24 0.026031607863934113
25 0.010692714210134723
26 0.009488883064269033
27 0.008998898344794849
28 0.01685157043180536
29 0.016064388080990984
30 0.010053605335393772
32 0.019376314346527958
33 0.020298671584310327
34 0.015703199755676436
35 0.017550981359963448
36 0.018216284598615694
37 0.03146640559566664
40 0.014305697411673843
41 0.025420818477493168
45 0.027481832987331478
46 0.03287833831981559
55 0.02090650533180768
59 0.04211416174371937
65 0.04625154014477565
74 0.048400550620792536
84 0.08394048944512761
115 0.09488871787544464
129 0.21215906416862854
154 0.16894061002077929
174 0.2102952744305766