1 0.0
2 0.16149870801033592
3 0.10077519379844961
4 0.07364341085271318
5 0.03359173126614987
6 0.03875968992248062
7 0.028423772609819122
8 0.016795865633074936
9 0.027131782945736434
10 0.01937984496124031
11 0.016795865633074936
12 0.016795865633074936
13 0.014211886304909561
14 0.00516795865633075
15 0.00904392764857881
16 0.015503875968992248
17 0.007751937984496124
18 0.00516795865633075
19 0.00516795865633075
20 0.006459948320413436
21 0.002583979328165375
23 0.002583979328165375
24 0.0012919896640826874
25 0.002583979328165375
26 0.002583979328165375
27 0.0012919896640826874
28 0.002583979328165375
29 0.002583979328165375
30 0.002583979328165375
32 0.0012919896640826874
33 0.0012919896640826874
34 0.0012919896640826874
35 0.0012919896640826874
36 0.0012919896640826874
37 0.0012919896640826874
40 0.0012919896640826874
41 0.003875968992248062
45 0.002583979328165375
46 0.0012919896640826874
55 0.0012919896640826874
59 0.002583979328165375
65 0.0012919896640826874
74 0.0012919896640826874
84 0.0012919896640826874
115 0.0012919896640826874
129 0.0012919896640826874
154 0.0012919896640826874
174 0.0012919896640826874