1 0.0
2 0.5098039215686274
3 0.5630252100840337
4 0.45659722222222215
5 0.4695652173913043
6 0.4518518518518517
7 0.43571428571428583
8 0.3940476190476191
9 0.4063786008230452
10 0.3188034188034188
11 0.3611570247933884
12 0.3846801346801347
13 0.34615384615384615
14 0.36153846153846153
15 0.3662337662337663
16 0.25476190476190474
17 0.3725490196078431
18 0.23420479302832245
19 0.2792397660818713
20 0.3621052631578947
21 0.3968253968253969
22 0.3838383838383838
23 0.19288537549407114
24 0.06702898550724637
25 0.31916666666666665
26 0.2756923076923077
27 0.3212250712250712
28 0.30753968253968256
29 0.22660098522167485
30 0.4298850574712644
31 0.2516129032258065
33 0.27651515151515155
34 0.2709447415329768
35 0.2773109243697479
36 0.1671957671957672
38 0.18634423897581792
40 0.36538461538461536
41 0.17926829268292682
43 0.27464008859357697
45 0.29494949494949496
46 0.27375201288244766
47 0.1332099907493062
49 0.08078231292517007
51 0.21254901960784317
55 0.2202020202020202
58 0.29945553539019965
59 0.25014611338398596
60 0.2423728813559322
61 0.22240437158469945
64 0.18700396825396826
65 0.1935096153846154
69 0.1517476555839727
73 0.10578386605783865
74 0.10033320992225102
78 0.17216117216117216
88 0.15804597701149425
91 0.1586080586080586
101 0.11782178217821782
102 0.0735779460298971
103 0.12944983818770225
127 0.08861392325959255
133 0.10378218272955116
148 0.05304283875712447
184 0.04104300308861963
198 0.07311695636568732
208 0.03836863619472315
322 0.04088543178344072
365 0.030799337648652718