1 42.23348017621145
2 40.74519230769231
3 47.27011494252873
4 44.14453125
5 46.184
6 34.15151515151515
7 43.96190476190476
8 42.13157894736842
9 33.60493827160494
10 28.1
11 25.247933884297524
12 35.76851851851852
13 26.945054945054945
14 26.285714285714285
15 34.15555555555555
16 33.625
17 32.794117647058826
18 35.40740740740741
20 31.6
21 34.73809523809524
22 16.681818181818183
23 22.597826086956523
24 30.777777777777775
25 29.04
26 35.59615384615385
27 26.296296296296294
28 24.771428571428572
31 27.451612903225808
33 23.606060606060606
37 19.216216216216218
39 29.102564102564102
43 23.558139534883722
45 23.233333333333334
49 24.448979591836736
51 19.274509803921568
53 22.0188679245283
54 21.537037037037038
57 19.87719298245614
62 11.612903225806452
80 12.0375
117 14.213675213675213
130 14.546153846153846
139 13.640287769784173