1 0.0
2 0.43157894736842106
3 0.3095238095238096
4 0.3765432098765431
5 0.37777777777777777
6 0.35151515151515156
7 0.22023809523809523
8 0.30612244897959184
9 0.2261904761904762
10 0.23555555555555555
11 0.21558441558441555
12 0.26666666666666666
14 0.28205128205128205
15 0.26666666666666666
16 0.24583333333333335
17 0.20098039215686278
18 0.2091503267973856
19 0.25146198830409355
20 0.1473684210526316
21 0.19047619047619047
23 0.18577075098814227
24 0.17753623188405798
25 0.24333333333333335
26 0.23179487179487177
27 0.2022792022792023
28 0.328042328042328
29 0.03940886699507389
30 0.1793103448275862
33 0.19318181818181818
34 0.16042780748663102
36 0.1634920634920635
40 0.16794871794871793
46 0.0927536231884058
51 0.05333333333333334
57 0.06140350877192982
103 0.06929373691224062
111 0.05847665847665848
137 0.03928724774581365