1 0.0
2 0.1383363471971067
3 0.10759493670886076
4 0.0867992766726944
5 0.06238698010849909
6 0.0325497287522604
7 0.03616636528028933
8 0.027124773960216998
9 0.024412296564195298
10 0.023508137432188065
11 0.019891500904159132
12 0.0162748643761302
13 0.009945750452079566
14 0.009041591320072333
15 0.009945750452079566
16 0.006329113924050633
17 0.0081374321880651
18 0.0054249547920434
19 0.003616636528028933
20 0.0045207956600361665
21 0.0054249547920434
22 0.0027124773960217
23 0.0045207956600361665
24 0.003616636528028933
25 0.003616636528028933
26 0.0045207956600361665
27 0.003616636528028933
28 0.003616636528028933
29 0.0027124773960217
30 0.0009041591320072332
31 0.0027124773960217
33 0.0045207956600361665
34 0.0009041591320072332
35 0.0009041591320072332
36 0.0027124773960217
38 0.0009041591320072332
40 0.0009041591320072332
41 0.0009041591320072332
43 0.0009041591320072332
45 0.0009041591320072332
46 0.0027124773960217
47 0.0009041591320072332
49 0.0009041591320072332
51 0.0018083182640144665
55 0.0009041591320072332
58 0.0009041591320072332
59 0.0009041591320072332
60 0.0018083182640144665
61 0.0009041591320072332
64 0.0009041591320072332
65 0.0018083182640144665
69 0.0009041591320072332
73 0.0009041591320072332
74 0.0009041591320072332
78 0.0009041591320072332
88 0.0009041591320072332
91 0.0018083182640144665
101 0.0009041591320072332
102 0.0009041591320072332
103 0.0009041591320072332
127 0.0009041591320072332
133 0.0009041591320072332
148 0.0009041591320072332
184 0.0009041591320072332
198 0.0009041591320072332
208 0.0009041591320072332
322 0.0009041591320072332
365 0.0009041591320072332