1 134.39119170984455
2 151.13513513513513
3 162.13333333333327
4 170.19573643410854
5 146.53263157894736
6 133.97716894977165
7 145.5514950166113
8 123.50815217391305
9 128.2997416020672
10 117.7241379310345
11 94.78181818181818
12 120.26602564102564
13 110.90109890109889
14 119.52040816326533
15 103.57333333333334
16 92.0048076923077
17 109.5098039215686
18 114.29444444444445
19 93.57894736842105
20 103.90714285714286
21 93.65201465201464
22 73.9090909090909
23 89.23671497584542
24 100.30555555555554
25 108.41600000000001
26 106.56923076923076
27 102.57407407407408
28 95.90816326530613
30 86.04444444444444
31 90.67741935483872
32 74.13541666666667
33 63.075757575757585
34 72.38235294117646
35 87.85
36 89.19444444444446
37 89.52252252252252
38 55.92982456140351
39 63.98717948717949
41 59.40243902439025
42 77.76190476190476
43 87.0
44 77.2159090909091
45 71.2
47 71.29787234042553
48 70.90277777777777
49 70.28571428571429
50 64.56666666666666
51 81.77450980392157
57 68.61842105263159
58 71.89655172413794
59 78.28813559322033
60 54.31666666666667
62 65.35483870967742
63 63.34920634920635
64 54.640625
65 40.276923076923076
66 70.68939393939394
67 67.94029850746269
70 41.08571428571429
73 73.28767123287672
75 51.693333333333335
76 64.13157894736842
78 59.55128205128205
79 43.41772151898734
81 65.62962962962963
82 65.7439024390244
87 58.28735632183908
88 57.38636363636363
91 38.7032967032967
92 56.119565217391305
99 54.86868686868687
106 39.886792452830186
108 52.19444444444444
111 51.46396396396396
113 45.43362831858407
117 41.26495726495727
122 46.82786885245902
123 50.39837398373984
130 49.54615384615385
138 46.52173913043478
144 34.49305555555556
161 21.47826086956522
179 38.11173184357542
191 29.67539267015707
319 26.34169278996865
495 21.696969696969695
564 19.02482269503546