1 0.0
2 0.13481321061180293
3 0.0844612885760693
4 0.07363291824580401
5 0.07038440714672442
6 0.05251759610178668
7 0.042772062804547914
8 0.03735787763941527
9 0.02165674066053059
10 0.02165674066053059
11 0.026529507309149974
12 0.023280996210070383
13 0.01570113697888468
14 0.014076881429344884
15 0.015159718462371413
16 0.012994044396318355
17 0.01136978884677856
18 0.008121277747698972
19 0.007038440714672442
20 0.004872766648619383
21 0.007038440714672442
22 0.005955603681645912
23 0.0032485110990795887
24 0.004331348132106118
25 0.005414185165132647
26 0.002165674066053059
28 0.005414185165132647
29 0.004872766648619383
30 0.003789929615592853
31 0.0010828370330265296
32 0.0032485110990795887
33 0.0016242555495397943
34 0.0027070925825663237
35 0.0010828370330265296
36 0.0010828370330265296
37 0.0016242555495397943
38 0.0027070925825663237
39 0.0005414185165132648
40 0.0010828370330265296
41 0.002165674066053059
42 0.0016242555495397943
44 0.0010828370330265296
45 0.0010828370330265296
46 0.0016242555495397943
47 0.0010828370330265296
48 0.002165674066053059
49 0.0005414185165132648
50 0.0016242555495397943
51 0.0005414185165132648
53 0.0016242555495397943
54 0.0005414185165132648
55 0.0016242555495397943
56 0.0005414185165132648
58 0.0005414185165132648
59 0.0005414185165132648
60 0.0005414185165132648
61 0.0010828370330265296
64 0.0005414185165132648
65 0.0005414185165132648
66 0.0005414185165132648
67 0.0005414185165132648
68 0.0016242555495397943
70 0.0005414185165132648
71 0.0005414185165132648
73 0.0005414185165132648
75 0.0005414185165132648
76 0.0005414185165132648
79 0.0005414185165132648
81 0.0010828370330265296
82 0.0005414185165132648
83 0.0005414185165132648
84 0.0010828370330265296
85 0.0005414185165132648
86 0.0010828370330265296
87 0.0010828370330265296
94 0.0005414185165132648
96 0.0005414185165132648
101 0.0005414185165132648
104 0.0005414185165132648
117 0.0005414185165132648
118 0.0005414185165132648
128 0.0005414185165132648
131 0.0010828370330265296
143 0.0005414185165132648
144 0.0010828370330265296
145 0.0005414185165132648
150 0.0005414185165132648
151 0.0005414185165132648
153 0.0005414185165132648
155 0.0010828370330265296
165 0.0005414185165132648
191 0.0005414185165132648
205 0.0005414185165132648
211 0.0005414185165132648
284 0.0005414185165132648
314 0.0005414185165132648
358 0.0005414185165132648
442 0.0005414185165132648
656 0.0005414185165132648
728 0.0005414185165132648