1 0.0
2 0.14481409001956946
3 0.09458577951728636
4 0.08414872798434442
5 0.06196999347684279
6 0.047619047619047616
7 0.028049575994781473
8 0.030006523157208087
9 0.028049575994781473
10 0.018917155903457272
11 0.0228310502283105
12 0.016960208741030658
13 0.0136986301369863
14 0.0136986301369863
15 0.009784735812133072
16 0.008480104370515329
17 0.007827788649706457
18 0.01304631441617743
19 0.0045662100456621
20 0.0045662100456621
21 0.008480104370515329
22 0.002609262883235486
23 0.005870841487279843
24 0.0019569471624266144
25 0.0032615786040443573
26 0.0032615786040443573
27 0.002609262883235486
28 0.0045662100456621
30 0.0019569471624266144
31 0.001304631441617743
32 0.0019569471624266144
33 0.003913894324853229
34 0.0006523157208088715
35 0.002609262883235486
36 0.001304631441617743
37 0.0019569471624266144
38 0.0019569471624266144
39 0.001304631441617743
41 0.001304631441617743
42 0.0006523157208088715
43 0.0006523157208088715
44 0.001304631441617743
45 0.0006523157208088715
47 0.0006523157208088715
48 0.0019569471624266144
49 0.0006523157208088715
50 0.0019569471624266144
51 0.001304631441617743
57 0.002609262883235486
58 0.0006523157208088715
59 0.0006523157208088715
60 0.0006523157208088715
62 0.0006523157208088715
63 0.0006523157208088715
64 0.001304631441617743
65 0.0006523157208088715
66 0.001304631441617743
67 0.0019569471624266144
70 0.0006523157208088715
73 0.0006523157208088715
75 0.0006523157208088715
76 0.0006523157208088715
78 0.0006523157208088715
79 0.0006523157208088715
81 0.0006523157208088715
82 0.0006523157208088715
87 0.0006523157208088715
88 0.0006523157208088715
91 0.0006523157208088715
92 0.0006523157208088715
99 0.0006523157208088715
106 0.0006523157208088715
108 0.001304631441617743
111 0.001304631441617743
113 0.0006523157208088715
117 0.0006523157208088715
122 0.0006523157208088715
123 0.0006523157208088715
130 0.0006523157208088715
138 0.0006523157208088715
144 0.0006523157208088715
161 0.0006523157208088715
179 0.0006523157208088715
191 0.0006523157208088715
319 0.001304631441617743
495 0.0006523157208088715
564 0.0006523157208088715