1 44.89219330855018
2 54.32
3 50.85042735042735
4 55.28947368421053
5 52.52307692307693
6 43.24444444444445
7 45.57142857142857
8 47.36538461538461
9 40.01587301587301
10 36.626666666666665
11 38.433566433566426
12 37.26282051282051
13 34.27272727272727
14 25.0
15 34.228571428571435
16 36.484375
17 30.627450980392158
18 34.236111111111114
19 35.026315789473685
20 28.589999999999996
21 24.26190476190476
23 13.891304347826088
24 31.875
25 12.82
26 27.96153846153846
27 26.40740740740741
28 31.464285714285715
29 28.879310344827587
30 27.71666666666667
32 26.0
33 31.636363636363637
34 21.11764705882353
35 31.82857142857143
36 31.666666666666668
37 23.43243243243243
40 26.275
41 23.3739837398374
45 24.244444444444444
46 20.32608695652174
55 23.10909090909091
59 20.152542372881356
65 18.861538461538462
74 18.756756756756758
84 13.202380952380953
115 15.765217391304347
129 14.0
154 15.688311688311689
174 13.281609195402298