1 0.0
2 0.4230769230769231
3 0.5344827586206897
4 0.3645833333333334
5 0.42800000000000005
6 0.25757575757575757
7 0.38730158730158737
8 0.34398496240601506
9 0.23456790123456792
10 0.17222222222222222
11 0.20330578512396694
12 0.2727272727272727
13 0.19413919413919414
14 0.2142857142857143
15 0.30793650793650795
16 0.24499999999999997
17 0.23161764705882354
18 0.25925925925925924
20 0.23157894736842105
21 0.23095238095238096
22 0.05627705627705628
23 0.11561264822134389
24 0.24637681159420288
25 0.24
26 0.32153846153846155
27 0.14814814814814814
28 0.15132275132275133
31 0.23010752688172043
33 0.16477272727272727
37 0.13063063063063063
39 0.21862348178137653
43 0.14950166112956811
45 0.15454545454545454
49 0.16454081632653061
51 0.07137254901960784
53 0.15457184325108853
54 0.13417190775681342
57 0.09461152882205513
62 0.025912215758857746
80 0.03449367088607595
117 0.07117595048629531
130 0.05521765056648777
139 0.05046397664477114