1 188.06766917293234
2 197.00396825396825
3 243.61965811965814
4 207.92830882352942
5 192.02615384615376
6 186.29931972789117
7 184.17765567765562
8 148.106884057971
9 177.68945868945872
10 161.6625
11 132.75000000000003
12 157.76744186046508
13 147.0025641025641
14 163.8342857142857
15 135.6238095238095
16 133.2421875
17 143.31372549019602
18 138.45925925925928
19 129.45748987854253
20 129.53333333333333
21 121.42490842490844
22 132.74380165289256
23 92.60144927536233
24 110.65416666666665
25 111.49777777777777
26 119.37179487179488
28 109.25
29 97.44827586206897
30 127.1388888888889
31 81.3225806451613
32 112.97395833333333
33 118.41414141414141
34 118.96470588235293
35 123.94285714285715
36 91.3425925925926
37 80.76576576576576
38 115.25657894736841
39 105.92307692307692
40 95.3125
41 98.95121951219512
42 87.3968253968254
44 116.9659090909091
45 62.955555555555556
46 64.86956521739131
47 91.73936170212767
48 85.5625
49 92.85714285714286
50 82.14
51 85.82352941176471
53 73.91823899371069
54 99.68518518518519
55 71.44848484848485
56 63.92857142857143
58 60.13793103448276
59 100.45762711864407
60 92.08333333333333
61 67.91803278688525
64 84.390625
65 88.87692307692308
67 79.2089552238806
68 83.42647058823529
70 77.67142857142858
71 75.0
73 63.26027397260274
75 74.05333333333333
76 81.3157894736842
79 84.25316455696202
81 61.17283950617284
82 65.97560975609755
83 71.86746987951807
84 63.38690476190476
85 56.78823529411765
86 75.99418604651163
87 60.10919540229885
94 81.57446808510639
96 76.92708333333333
101 71.56435643564356
104 64.9423076923077
117 55.01282051282051
128 60.6328125
131 55.988549618320604
143 40.40559440559441
144 57.74305555555556
145 52.4
150 53.68666666666667
151 58.913907284768214
153 51.18300653594771
155 54.55483870967742
165 56.25454545454546
190 50.973684210526315
205 44.80487804878049
210 36.24761904761905
284 30.0
314 28.308917197452228
358 35.1927374301676
440 26.21590909090909
656 23.1859756097561
728 20.73489010989011