1 0.0
2 0.5714285714285714
3 0.5961538461538459
4 0.508578431372549
5 0.5230769230769231
6 0.47823129251700686
7 0.46153846153846145
8 0.3768115942028987
9 0.44373219373219386
10 0.4138888888888889
11 0.3499999999999999
12 0.4097956307258633
13 0.4076923076923077
14 0.43780219780219787
15 0.3585034013605442
16 0.3347222222222222
17 0.37605042016806717
18 0.3930283224400872
19 0.34367971210076464
20 0.3450292397660819
21 0.3619047619047619
22 0.3691460055096419
23 0.25559947299077734
24 0.3101449275362319
25 0.3092592592592593
26 0.29948717948717946
28 0.3132275132275132
29 0.29581280788177333
30 0.3712643678160919
31 0.23225806451612904
32 0.2916666666666667
33 0.31502525252525254
34 0.3508021390374332
35 0.37142857142857144
36 0.23915343915343915
37 0.20420420420420418
38 0.39331436699857747
39 0.3643724696356275
40 0.2948717948717949
41 0.26707317073170733
42 0.25745257452574527
44 0.34725158562367864
45 0.15555555555555556
46 0.1809983896940419
47 0.21461609620721553
48 0.21749408983451538
49 0.21258503401360543
50 0.2363265306122449
51 0.1952941176470588
53 0.22810836961780356
54 0.3277428371767994
55 0.15578002244668912
56 0.17077922077922078
58 0.12643678160919541
59 0.3337229690239626
60 0.26384180790960454
61 0.12431693989071038
64 0.2638888888888889
65 0.2935096153846154
67 0.2966983265490728
68 0.22841673983026045
70 0.17060041407867496
71 0.24668008048289738
73 0.11681887366818873
75 0.2381981981981982
76 0.18385964912280703
79 0.22297955209347614
81 0.12314814814814815
82 0.18036735922914784
83 0.1968851013811343
84 0.1495983935742972
85 0.09971988795518208
86 0.2466484268125855
87 0.15477145148356056
94 0.2553191489361702
96 0.24605263157894736
101 0.21841584158415842
104 0.1857729648991785
117 0.10772178013557324
128 0.11761811023622047
131 0.12166764533176747
143 0.06352802127450015
144 0.1543803418803419
145 0.1311302681992337
150 0.1374496644295302
151 0.1372185430463576
153 0.0935672514619883
155 0.12446585672392124
165 0.13643754619364376
190 0.09562795878585352
205 0.09808703969392635
210 0.047664616085668715
284 0.03329517742497387
314 0.03579495736757494
358 0.0600910755363598
440 0.02888796852350383
656 0.02603798175386334
728 0.021089982919418958