1 0.0
2 0.0003575134123890303
3 0.0005899904680042475
4 0.0013632348394661796
5 0.0009694939082804486
6 0.003435332683348749
7 0.0023636211392968564
8 0.0028348100965739412
9 0.003033014412071229
10 0.004587486716179838
11 0.00542583427800478
12 0.006129433822035173
13 0.006432575447640969
14 0.01395479536276083
15 0.002168242273121256
16 0.005460634707874596
17 0.0112836860950926
18 0.00919373868243476
20 0.01517794816010739
21 0.01230178918197897
22 0.022361277983770862
23 0.021210783949235437
24 0.010604804794726606
25 0.017007525733009923
26 0.00871404582556463
27 0.019298231306081024
28 0.01648704013834623
31 0.016932944992382286
33 0.012791624622716085
37 0.025265965989396382
39 0.02197774820752782
43 0.025849149873173737
45 0.032067246863970535
49 0.029170802262515998
51 0.06594268222056224
53 0.025684282388299454
54 0.05391862373351792
57 0.056081780822220574
62 0.0826611332269141
80 0.14530624764634392
117 0.11092423117866679
130 0.21699953092847266
139 0.2023848848389653