1 0.0
2 0.527027027027027
3 0.5195402298850574
4 0.5697674418604654
5 0.46842105263157896
6 0.4429223744292238
7 0.46622369878183817
8 0.3944099378881987
9 0.3753229974160206
10 0.4153256704980842
11 0.35012987012987
12 0.39918414918414913
13 0.3852258852258852
14 0.3825222396650968
15 0.3536507936507936
16 0.3173076923076923
17 0.37438725490196073
18 0.39117647058823524
19 0.3116123642439432
20 0.33984962406015035
21 0.326007326007326
22 0.2456709956709957
23 0.29117259552042163
24 0.3140096618357488
25 0.40533333333333327
26 0.38584615384615384
27 0.34971509971509973
28 0.32879818594104304
30 0.2973180076628352
31 0.35268817204301073
32 0.24126344086021503
33 0.20422979797979798
34 0.2192513368983957
35 0.28319327731092436
36 0.3746031746031746
37 0.3038038038038038
38 0.17069701280227598
39 0.18353576248313092
41 0.12560975609756098
42 0.27526132404181186
43 0.2978959025470653
44 0.24207188160676535
45 0.2383838383838384
47 0.2183163737280296
48 0.2266548463356974
49 0.19812925170068027
50 0.22503401360544217
51 0.32352941176470584
57 0.24483082706766918
58 0.20810647307924984
59 0.2536528345996493
60 0.11073446327683616
62 0.2548915917503966
63 0.17204301075268819
64 0.1545138888888889
65 0.04807692307692308
66 0.24498834498834499
67 0.22825267601387003
70 0.06666666666666667
73 0.2907153729071537
75 0.18594594594594593
76 0.25228070175438594
78 0.19447219447219447
79 0.09412528399870172
81 0.25617283950617287
82 0.2598614875037639
87 0.20475808607324245
88 0.13192267502612331
91 0.08131868131868132
92 0.1908743430482561
99 0.15151515151515152
106 0.06504941599281222
108 0.15308065074420216
111 0.15986895986895988
113 0.13211125158027812
117 0.12319481284998526
122 0.1486248475816285
123 0.13527922164467546
130 0.1526535480023852
138 0.14090764836559821
144 0.05468142968142968
161 0.025388198757763974
179 0.09729458288870756
191 0.052576467346376415
319 0.04530667770745844
495 0.031595305279515803
564 0.024558154768653237