1 102.50316455696202
2 105.40196078431373
3 114.29411764705881
4 100.60677083333333
5 105.53333333333336
6 98.72222222222221
7 100.98571428571428
8 91.96666666666667
9 92.66255144032922
10 78.79615384615386
11 82.99586776859506
12 86.58796296296295
13 73.35664335664336
14 74.88571428571429
15 80.38181818181818
16 73.46428571428571
17 88.3529411764706
18 64.1388888888889
19 62.26315789473685
20 69.14000000000001
21 84.14285714285714
22 79.31818181818181
23 48.6
24 26.645833333333332
25 75.44999999999999
26 61.06923076923077
27 62.18518518518518
28 64.8125
29 55.609195402298845
30 73.73333333333333
31 61.21505376344086
33 59.45454545454546
34 73.6470588235294
35 57.885714285714286
36 46.90740740740741
38 50.31578947368421
40 60.625
41 50.707317073170735
43 55.06976744186046
45 57.62222222222222
46 53.81884057971015
47 43.787234042553195
49 36.02040816326531
51 53.75490196078431
55 49.67272727272727
58 58.5
59 52.813559322033896
60 52.125
61 49.377049180327866
64 40.671875
65 46.87692307692308
69 44.01449275362319
73 34.35616438356164
74 33.054054054054056
78 42.34615384615385
88 40.94318181818182
91 39.37362637362637
101 33.67326732673267
102 30.176470588235293
103 36.067961165048544
127 32.803149606299215
133 35.015037593984964
148 23.2027027027027
184 22.070652173913043
198 25.54040404040404
208 20.51923076923077
322 19.512422360248447
365 16.912328767123288