1 0.0
2 0.001247073549833097
3 0.00256471475861984
4 0.0006075594438666336
5 0.0017574815600806923
6 0.0036560555045173793
7 0.0045239957088612105
8 0.005376338078121977
9 0.007719604058880446
10 0.004385889202259994
11 0.009228408366893995
12 0.00834972754762563
14 0.008265417139299217
15 0.012300300925842587
16 0.012104615890756978
17 0.01608095667799492
18 0.011208804903778874
19 0.007632891882252746
20 0.03085408551840734
21 0.012391380062853665
23 0.02052786686682994
24 0.03240405315661052
25 0.018381284721685497
26 0.014260108651921932
27 0.016808510291600617
28 0.012958749983619976
29 0.055973912044958024
30 0.025987762641510977
33 0.016456238830815026
34 0.04167923434688098
36 0.03448200344064009
40 0.031099877848196865
46 0.06094017997583348
51 0.054236014618546546
57 0.16631958777179623
103 0.16340837977815215
111 0.1571511238430278
137 0.27671344186562474