1 0.0
2 0.17463235294117646
3 0.07720588235294118
4 0.04963235294117647
5 0.03308823529411765
6 0.02022058823529412
7 0.014705882352941176
8 0.012867647058823529
9 0.012867647058823529
10 0.027573529411764705
11 0.025735294117647058
12 0.009191176470588236
14 0.011029411764705883
15 0.007352941176470588
16 0.003676470588235294
17 0.0055147058823529415
18 0.003676470588235294
19 0.0055147058823529415
20 0.003676470588235294
21 0.001838235294117647
23 0.003676470588235294
24 0.003676470588235294
25 0.001838235294117647
26 0.0055147058823529415
27 0.001838235294117647
28 0.001838235294117647
29 0.001838235294117647
30 0.001838235294117647
33 0.001838235294117647
34 0.0055147058823529415
36 0.003676470588235294
40 0.001838235294117647
46 0.001838235294117647
51 0.001838235294117647
57 0.001838235294117647
103 0.001838235294117647
111 0.001838235294117647
137 0.001838235294117647