1 46.08502024291498
2 41.44736842105263
3 34.57936507936508
4 40.74074074074074
5 42.07777777777778
6 40.81818181818182
7 28.482142857142858
8 33.30357142857143
9 27.396825396825395
10 28.740000000000002
11 25.96753246753246
12 32.983333333333334
14 29.309523809523807
15 29.949999999999996
16 35.375
17 24.72549019607843
18 27.305555555555557
19 25.54385964912281
20 18.55
21 22.523809523809526
23 30.130434782608695
24 25.541666666666664
25 28.44
26 26.974358974358974
27 24.40740740740741
28 31.607142857142858
29 15.413793103448276
30 25.9
33 25.242424242424242
34 23.64705882352941
36 23.125
40 21.675
46 16.456521739130434
51 10.215686274509803
57 14.350877192982455
103 13.893203883495145
111 11.90990990990991
137 10.686131386861314