1 0.0
2 5.830235029607707e-05
3 4.591762150747765e-05
4 0.00018119400445171978
5 0.00017811544073516504
6 0.000270301954270548
7 0.0002219659400248296
8 0.0004901306419237372
9 0.00047994466861889115
10 0.0004423218729910503
11 0.0003754280931041884
12 0.0006202809000568593
13 0.0006684724277108195
14 0.00036196949686550356
15 0.0007425469856828105
16 0.0007445977280071972
17 0.0006642556939398934
18 0.0005540791011792806
19 0.0006313529117363979
20 0.0008648555031188043
21 0.0014336731598750953
22 0.001133957034023438
23 0.002084272952281321
24 0.000980787444537296
25 0.0016717843980290786
26 0.0007670551141713825
28 0.001237181671646773
29 0.0015229774495225399
30 0.001820142798254074
31 0.0012683868039008034
32 0.002128869318853782
33 0.0009748018079889605
34 0.0005722330648664174
35 0.0031625852776843945
36 0.0012098092236037924
37 0.004033846066938203
38 0.0007094874322160823
39 0.0003709478725812332
40 0.0020774508860637794
41 0.0022770712211313262
42 0.0010522632316094596
44 0.001528009993296622
45 0.0027468213471821355
46 0.0030646632719331123
47 0.0047887535059235415
48 0.0014898192948935116
49 0.0017504048109233026
50 0.002356713085770983
51 0.0018045847605164945
53 0.0033227083637459853
54 0.0018260903361589545
55 0.004084693019943541
56 0.0036046350785397096
58 0.0066953023153129235
59 0.003015275125545491
60 0.003036341917381655
61 0.0059308913301057775
64 0.0013029673965893075
65 0.001970976223847912
67 0.0009425059615165149
68 0.005429991804826826
70 0.005910307875714138
71 0.004087538529020009
73 0.0038044555820900116
75 0.0018067434606226199
76 0.010473668307263572
79 0.004775685143413414
81 0.004850766690256218
82 0.006438850429209809
83 0.003961054284342112
84 0.005548099525494888
85 0.0056186515139432
86 0.005006881871124554
87 0.007155617922541657
94 0.0031334922351891016
96 0.004056006426341594
101 0.00700185137900414
104 0.00699579880766697
117 0.012767930475592985
128 0.018414968281192424
131 0.01718543823590762
143 0.02603364061457421
144 0.010031480911377745
145 0.01677893455244132
150 0.009879228028054162
151 0.014581200478812013
153 0.01751039517311528
155 0.014738316293144326
165 0.015305316851252155
190 0.02978757242944006
205 0.017784747762260654
210 0.041018206794243325
284 0.07251773941713273
314 0.06273701299797543
358 0.05489268972470241
440 0.1729861331791972
656 0.18918802167403245
728 0.24899634565101367