1 0.0
2 0.464
3 0.39743589743589747
4 0.43567251461988304
5 0.3807692307692307
6 0.308888888888889
7 0.2532467532467533
8 0.3461538461538462
9 0.2883597883597883
10 0.24148148148148152
11 0.2461538461538461
12 0.22843822843822842
13 0.22261072261072268
14 0.10164835164835165
15 0.2054421768707483
16 0.21458333333333332
17 0.1519607843137255
18 0.19934640522875818
19 0.20321637426900585
20 0.20526315789473687
21 0.09285714285714286
23 0.03754940711462451
24 0.11594202898550725
25 0.07500000000000001
26 0.12615384615384617
27 0.05413105413105413
28 0.1931216931216931
29 0.16502463054187194
30 0.1896551724137931
32 0.1350806451612903
33 0.14393939393939395
34 0.08912655971479501
35 0.20336134453781513
36 0.2126984126984127
37 0.08258258258258258
40 0.15512820512820513
41 0.11869918699186992
45 0.12171717171717172
46 0.09468599033816426
55 0.12053872053872054
59 0.07510227936879019
65 0.08605769230769231
74 0.08145131432802666
84 0.02323580034423408
115 0.06529366895499619
129 0.031128875968992248
154 0.05152363975893388
174 0.03640954089429274