1 0.0
2 0.00010798892805616283
3 0.00021076770936712
4 0.00019707373554036814
5 0.0003832458441879997
6 0.00029634233600710463
7 0.00031477648129616575
8 0.0006263669895750627
9 0.0008167725844205956
10 0.000612576268020701
11 0.0007248640791720622
12 0.0011170726730782186
13 0.000735488814884421
14 0.0015460241399125872
15 0.0007657751138852185
16 0.0014827357652617004
17 0.0014471546149864452
18 0.0011889366596817663
19 0.0008069039204847955
20 0.0020303960008725046
21 0.0018895441008775007
22 0.0018776322238377116
23 0.0034673862147983747
24 0.0005908325195419764
25 0.000885145159304156
26 0.0012024539498136358
27 0.003124345410419463
28 0.0021717258311102047
30 0.0010707484911999644
31 0.0032789017308532398
32 0.002581299857154525
33 0.002116568563296651
34 0.0024211906144812135
35 0.0037375623109636037
36 0.000592099773142353
37 0.0017486577002101533
38 0.002432529317973102
39 0.004903534631875098
41 0.0024801003063432223
42 0.0028946756828449023
43 0.0030520462332259877
44 0.003869923358145664
45 0.003529781175141396
47 0.0017388691301144258
48 0.005923088647414886
49 0.0034807874155803786
50 0.003803794219630771
51 0.001570915066916212
57 0.004547859839175224
58 0.009308305457044986
59 0.004163763492070143
60 0.006956592349196212
62 0.006549133627121292
63 0.007193436195753555
64 0.005179399776508824
65 0.008048088785307207
66 0.003779577015334978
67 0.007059833906889301
70 0.015270395043702907
73 0.0046943250467577965
75 0.00821900813478751
76 0.0031538463596534343
78 0.0058998341624792545
79 0.015248336023283945
81 0.00540519201326962
82 0.003667919735203405
87 0.008836894582341206
88 0.02094756997124355
91 0.02554451917328606
92 0.00852354369906005
99 0.011729730589596393
106 0.03798752842127677
108 0.014956556487196593
111 0.013099926449879125
113 0.019872785653743164
117 0.01883331913240903
122 0.0122113837122883
123 0.01429359078210249
130 0.015549044702739628
138 0.016481206873883908
144 0.03789863134739803
161 0.055803304084553924
179 0.025956992289907114
191 0.045342203155972274
319 0.12145496325241575
495 0.19339470639802603
564 0.2510743929962508