1 0.0
2 0.00021907335726807333
3 0.00017607000910944856
4 0.000560796768342868
5 0.0005573540412025524
6 0.0004864139003483237
7 0.0006288548200080225
8 0.0010571695656547754
9 0.000974140598174947
10 0.0016700305373013214
11 0.0011256461106570006
12 0.001728408798689024
13 0.0023044522138254346
14 0.0011799748408974618
15 0.0033558519421547665
16 0.0015757585382318426
17 0.0018596543700607285
18 0.002485750758554024
19 0.0032231770388892666
20 0.0026539894649601505
21 0.001010293797734824
22 0.0012190029544491344
23 0.004971952903754672
24 0.0027144836683462496
25 0.0037511970805169503
26 0.005844174379397834
27 0.004336995142637171
28 0.0039570723921708625
29 0.005949247691790462
30 0.0008731157342165106
31 0.0035966062199896177
33 0.004711081252524991
34 0.007056243120789725
35 0.001168027970778076
36 0.0051129061632341705
38 0.00787310077501006
40 0.0011901800656129325
41 0.009444367668444077
43 0.0034534677254622367
45 0.007262752407777925
46 0.004689943220359324
47 0.006520773393072553
49 0.019200229029819615
51 0.013543811273326385
55 0.012689595720915069
58 0.006419074189848389
59 0.006476821493256673
60 0.009237537637169849
61 0.009983924925424244
64 0.01739871730498804
65 0.0135473354970794
69 0.01061460985768185
73 0.011875317963400538
74 0.023775838454438664
78 0.011632809192444008
88 0.014884886537708265
91 0.023912483205398564
101 0.03243847440520545
102 0.026882172168797597
103 0.025974154818744648
127 0.05424943640490592
133 0.0495281372034042
148 0.053406215670781874
184 0.10458042870411426
198 0.0860656996941154
208 0.13649266440407667
322 0.1735371664663463
365 0.25874669834156205